eps float: 1.19209e-07
eps double: 2.22045e-16
prox : 1.5 era: 1.09915
prox : 1.625 era: 1.0146
prox : 1.64583 era: 1.00175
prox : 1.64844 era: 1.00017
prox : 1.6487 era: 1.00001
prox : 1.64872 era: 1
y = 1.64872